
她是妲己，是千年狐狸精
她貌若天仙
她来了


1 她是谁？
2 她是人吗？

“她”是代词：代词需要有使用的上下文
  在上下文中要说明：她的类型，她指代的谁

Java的变量：就是程序中的代词
   A 变量必须声明，并且初始化以后使用
   B 变量必须有明确的类型
   C 变量不能重复定义

   0
   1
   2
   3
   4
   5
   6
   7
   8
   9
  10//逢十进一
  11
  12
   
   30522 = 3*10000 + 0*1000 + 5*100 + 2*10 + 2*1;
         = 3*10^4 + 0*10^3 + 5*10^2 +2*10^1 + 2*10^0
   数字: 0123456789
   十进制的基数: 10
   权:         10000 1000 100 10 1 = 10^n
   
   二进制:
   数字: 01
   基数: 2
   权:  128 64 32 16 8 4 2 1
   
   8421 
0  0000 = 0*1
1  0001 = 1*1
2  0010 = 1*2+0*1
3  0011 = 2+1
4  0100 = 4
5  0101 = 4+1
6  0110 = 4+2
7  0111 = 4+2+1
8  1000 = 8
9  1001 = 8+1
10 1010 = 8+2
11 1011 = 8+2+1
12 1100 = 8+4
13 1101 = 8+4+1
14 1110 = 8+4+2
15 1111 = 8+4+2+1

   8421
13 1101

     128 64 32 16 8 4 2 1
 192  1  1   0  0 0 0 0 0 
 152  1  0   0  1 1 0 0 0
 132  
 145
 167
 ...
                    -21亿多 -2G -2*31     
 	        min   10000000 00000000 00000000 00000000
         8位补码    
 min-128 10000000   
四位补码! ...
    -10  11110110  
   8421  11110111
-8 1000  11111000
-7 1001  11111001  ...
-6 1010  11111010
-5 1011  11111011
-4 1100  11111100
-3 1101  11111101
-2 1110  11111110  11111111 11111111 11111111 11111110
-1 1111  11111111  11111111 11111111 11111111 11111111
0  0000  00000000  00000000 00000000 00000000 00000000
1  0001  00000001  00000000 00000000 00000000 00000001
2  0010  00000010
3  0011  00000011
4  0100  00000100  ...
5  0101  00000101
6  0110  00000110
7  0111  00000111
     8   00001000
     9   00001001
    10   00001010
         ...
max  127 01111111
                   01111111 11111111 11111111 11111111
                   2G-1  21亿  2^31-1
         
         
   
   -4  1100
 +  6  0110
      11  
 ---------------
    2  0010         

   -1  1111
   -1  1111
  *---------  
       1111
      1111
     1111  
    1111   
      421  
 +------------         
   1   0001

16进制
数字: 0123456789abcdef
基数: 16
权:  256 16 1
 
      16 1 8421 8421
  0    0 0 0000 0000 
  1    0 1 0000 0001
  2    0 2 0000 0010
  3    0 3 0000 0011
  4    0 4 0000 0100
  5    0 5 0000 0101
  6    0 6 0000 0110
  7    0 7 0000 0111
  8    0 8 0000 1000
  9    0 9 0000 1001
 10    0 a 0000 1010
 11    0 b 0000 1011
 12    0 c 0000 1100
 13    0 d 0000 1101
 14    0 e 0000 1110
 15    0 f 0000 1111
 16    1 0 0001 0000
 17    1 1 0001 0001
      ... 
 65    4 1 0100 0001
 66    4 2 0100 0010
           
       ...
 192   c 0 1100 0000
           
 结论: 16进制可以作为二进制的简写形式, 每4位为一组的简写
 
 进制总结:
    计算机内存只有 二进制补码
    默认输出, 按照人习惯输出10机制结果
    16进制是, 二进制的简写, 16进制本质就是2进制
    16进制存在的价值: 方便书写2进制!
 
  
    int loan = max;
    loan = (loan +1) +(max+1);
//  01111111 11111111 11111111 11111111
//  00000000 00000000 00000000 00000001
//+--------------------------------------
    10000000 00000000 00000000 00000000
    10000000 00000000 00000000 00000000
    

 
  
   
   
   
   
   
   
   
   
   